{
 "cells": [
  {
   "cell_type": "code",
   "execution_count": 1,
   "id": "0ebec22c-9190-4814-b3af-013b7b42a3ef",
   "metadata": {},
   "outputs": [],
   "source": [
    "import pandas as pd\n",
    "import numpy as np"
   ]
  },
  {
   "cell_type": "code",
   "execution_count": 2,
   "id": "32f639f5-a2ec-4865-8dca-f8c6437adf37",
   "metadata": {},
   "outputs": [],
   "source": [
    "from sklearn.datasets import load_diabetes"
   ]
  },
  {
   "cell_type": "code",
   "execution_count": 3,
   "id": "a8fc4deb-8213-4a22-a50d-9131d91f290b",
   "metadata": {},
   "outputs": [],
   "source": [
    "X,y=load_diabetes(return_X_y=True)"
   ]
  },
  {
   "cell_type": "code",
   "execution_count": 4,
   "id": "2fdcc889-9084-46cc-b0a2-adabd71905ea",
   "metadata": {},
   "outputs": [
    {
     "data": {
      "text/plain": [
       "array([[ 0.03807591,  0.05068012,  0.06169621, ..., -0.00259226,\n",
       "         0.01990749, -0.01764613],\n",
       "       [-0.00188202, -0.04464164, -0.05147406, ..., -0.03949338,\n",
       "        -0.06833155, -0.09220405],\n",
       "       [ 0.08529891,  0.05068012,  0.04445121, ..., -0.00259226,\n",
       "         0.00286131, -0.02593034],\n",
       "       ...,\n",
       "       [ 0.04170844,  0.05068012, -0.01590626, ..., -0.01107952,\n",
       "        -0.04688253,  0.01549073],\n",
       "       [-0.04547248, -0.04464164,  0.03906215, ...,  0.02655962,\n",
       "         0.04452873, -0.02593034],\n",
       "       [-0.04547248, -0.04464164, -0.0730303 , ..., -0.03949338,\n",
       "        -0.00422151,  0.00306441]])"
      ]
     },
     "execution_count": 4,
     "metadata": {},
     "output_type": "execute_result"
    }
   ],
   "source": [
    "X"
   ]
  },
  {
   "cell_type": "code",
   "execution_count": 5,
   "id": "3432aeab-de20-482f-bc3a-d56cebab8287",
   "metadata": {},
   "outputs": [
    {
     "data": {
      "text/plain": [
       "(442, 10)"
      ]
     },
     "execution_count": 5,
     "metadata": {},
     "output_type": "execute_result"
    }
   ],
   "source": [
    "X.shape"
   ]
  },
  {
   "cell_type": "code",
   "execution_count": 6,
   "id": "6dc290bd-a22d-4eae-b45f-c0f854c3eb81",
   "metadata": {},
   "outputs": [
    {
     "data": {
      "text/plain": [
       "(442,)"
      ]
     },
     "execution_count": 6,
     "metadata": {},
     "output_type": "execute_result"
    }
   ],
   "source": [
    "y.shape"
   ]
  },
  {
   "cell_type": "code",
   "execution_count": 7,
   "id": "d5a42c00-5391-42ae-8b06-a83ac83bc53d",
   "metadata": {},
   "outputs": [],
   "source": [
    "from sklearn.model_selection import train_test_split\n",
    "x_train,x_test,y_train,y_test=train_test_split(X,y,test_size=0.2,random_state=2)"
   ]
  },
  {
   "cell_type": "code",
   "execution_count": 8,
   "id": "0cd76112-8be1-421d-84f0-1afa90c5118a",
   "metadata": {},
   "outputs": [
    {
     "data": {
      "text/plain": [
       "(353, 10)"
      ]
     },
     "execution_count": 8,
     "metadata": {},
     "output_type": "execute_result"
    }
   ],
   "source": [
    "x_train.shape"
   ]
  },
  {
   "cell_type": "code",
   "execution_count": 9,
   "id": "c0af96b4-0957-45b0-802f-99a4e4d3e587",
   "metadata": {},
   "outputs": [],
   "source": [
    "from sklearn.linear_model import LinearRegression"
   ]
  },
  {
   "cell_type": "code",
   "execution_count": 10,
   "id": "5593d721-6ae7-4e6e-ae47-c503c44d1746",
   "metadata": {},
   "outputs": [
    {
     "data": {
      "text/html": [
       "<style>#sk-container-id-1 {color: black;background-color: white;}#sk-container-id-1 pre{padding: 0;}#sk-container-id-1 div.sk-toggleable {background-color: white;}#sk-container-id-1 label.sk-toggleable__label {cursor: pointer;display: block;width: 100%;margin-bottom: 0;padding: 0.3em;box-sizing: border-box;text-align: center;}#sk-container-id-1 label.sk-toggleable__label-arrow:before {content: \"▸\";float: left;margin-right: 0.25em;color: #696969;}#sk-container-id-1 label.sk-toggleable__label-arrow:hover:before {color: black;}#sk-container-id-1 div.sk-estimator:hover label.sk-toggleable__label-arrow:before {color: black;}#sk-container-id-1 div.sk-toggleable__content {max-height: 0;max-width: 0;overflow: hidden;text-align: left;background-color: #f0f8ff;}#sk-container-id-1 div.sk-toggleable__content pre {margin: 0.2em;color: black;border-radius: 0.25em;background-color: #f0f8ff;}#sk-container-id-1 input.sk-toggleable__control:checked~div.sk-toggleable__content {max-height: 200px;max-width: 100%;overflow: auto;}#sk-container-id-1 input.sk-toggleable__control:checked~label.sk-toggleable__label-arrow:before {content: \"▾\";}#sk-container-id-1 div.sk-estimator input.sk-toggleable__control:checked~label.sk-toggleable__label {background-color: #d4ebff;}#sk-container-id-1 div.sk-label input.sk-toggleable__control:checked~label.sk-toggleable__label {background-color: #d4ebff;}#sk-container-id-1 input.sk-hidden--visually {border: 0;clip: rect(1px 1px 1px 1px);clip: rect(1px, 1px, 1px, 1px);height: 1px;margin: -1px;overflow: hidden;padding: 0;position: absolute;width: 1px;}#sk-container-id-1 div.sk-estimator {font-family: monospace;background-color: #f0f8ff;border: 1px dotted black;border-radius: 0.25em;box-sizing: border-box;margin-bottom: 0.5em;}#sk-container-id-1 div.sk-estimator:hover {background-color: #d4ebff;}#sk-container-id-1 div.sk-parallel-item::after {content: \"\";width: 100%;border-bottom: 1px solid gray;flex-grow: 1;}#sk-container-id-1 div.sk-label:hover label.sk-toggleable__label {background-color: #d4ebff;}#sk-container-id-1 div.sk-serial::before {content: \"\";position: absolute;border-left: 1px solid gray;box-sizing: border-box;top: 0;bottom: 0;left: 50%;z-index: 0;}#sk-container-id-1 div.sk-serial {display: flex;flex-direction: column;align-items: center;background-color: white;padding-right: 0.2em;padding-left: 0.2em;position: relative;}#sk-container-id-1 div.sk-item {position: relative;z-index: 1;}#sk-container-id-1 div.sk-parallel {display: flex;align-items: stretch;justify-content: center;background-color: white;position: relative;}#sk-container-id-1 div.sk-item::before, #sk-container-id-1 div.sk-parallel-item::before {content: \"\";position: absolute;border-left: 1px solid gray;box-sizing: border-box;top: 0;bottom: 0;left: 50%;z-index: -1;}#sk-container-id-1 div.sk-parallel-item {display: flex;flex-direction: column;z-index: 1;position: relative;background-color: white;}#sk-container-id-1 div.sk-parallel-item:first-child::after {align-self: flex-end;width: 50%;}#sk-container-id-1 div.sk-parallel-item:last-child::after {align-self: flex-start;width: 50%;}#sk-container-id-1 div.sk-parallel-item:only-child::after {width: 0;}#sk-container-id-1 div.sk-dashed-wrapped {border: 1px dashed gray;margin: 0 0.4em 0.5em 0.4em;box-sizing: border-box;padding-bottom: 0.4em;background-color: white;}#sk-container-id-1 div.sk-label label {font-family: monospace;font-weight: bold;display: inline-block;line-height: 1.2em;}#sk-container-id-1 div.sk-label-container {text-align: center;}#sk-container-id-1 div.sk-container {/* jupyter's `normalize.less` sets `[hidden] { display: none; }` but bootstrap.min.css set `[hidden] { display: none !important; }` so we also need the `!important` here to be able to override the default hidden behavior on the sphinx rendered scikit-learn.org. See: https://github.com/scikit-learn/scikit-learn/issues/21755 */display: inline-block !important;position: relative;}#sk-container-id-1 div.sk-text-repr-fallback {display: none;}</style><div id=\"sk-container-id-1\" class=\"sk-top-container\"><div class=\"sk-text-repr-fallback\"><pre>LinearRegression()</pre><b>In a Jupyter environment, please rerun this cell to show the HTML representation or trust the notebook. <br />On GitHub, the HTML representation is unable to render, please try loading this page with nbviewer.org.</b></div><div class=\"sk-container\" hidden><div class=\"sk-item\"><div class=\"sk-estimator sk-toggleable\"><input class=\"sk-toggleable__control sk-hidden--visually\" id=\"sk-estimator-id-1\" type=\"checkbox\" checked><label for=\"sk-estimator-id-1\" class=\"sk-toggleable__label sk-toggleable__label-arrow\">LinearRegression</label><div class=\"sk-toggleable__content\"><pre>LinearRegression()</pre></div></div></div></div></div>"
      ],
      "text/plain": [
       "LinearRegression()"
      ]
     },
     "execution_count": 10,
     "metadata": {},
     "output_type": "execute_result"
    }
   ],
   "source": [
    "reg=LinearRegression()\n",
    "reg.fit(x_train,y_train)"
   ]
  },
  {
   "cell_type": "code",
   "execution_count": 11,
   "id": "7cd0de1c-dba9-4180-ab96-43cc64336171",
   "metadata": {},
   "outputs": [],
   "source": [
    "y_pred=reg.predict(x_test)"
   ]
  },
  {
   "cell_type": "code",
   "execution_count": 12,
   "id": "5a2f46d0-9a29-47dc-aa78-813741679193",
   "metadata": {},
   "outputs": [
    {
     "data": {
      "text/plain": [
       "0.4399338661568968"
      ]
     },
     "execution_count": 12,
     "metadata": {},
     "output_type": "execute_result"
    }
   ],
   "source": [
    "from sklearn.metrics import r2_score\n",
    "r2_score(y_test,y_pred)"
   ]
  },
  {
   "cell_type": "code",
   "execution_count": 13,
   "id": "4dcaac1f-c7e3-4126-b10e-2ee8d8e63edb",
   "metadata": {},
   "outputs": [
    {
     "data": {
      "text/plain": [
       "array([  -9.15865318, -205.45432163,  516.69374454,  340.61999905,\n",
       "       -895.5520019 ,  561.22067904,  153.89310954,  126.73139688,\n",
       "        861.12700152,   52.42112238])"
      ]
     },
     "execution_count": 13,
     "metadata": {},
     "output_type": "execute_result"
    }
   ],
   "source": [
    "reg.coef_"
   ]
  },
  {
   "cell_type": "markdown",
   "id": "028b7291-5f9c-4ccc-977e-cad78120ed5c",
   "metadata": {},
   "source": [
    "# my own class for linear class"
   ]
  },
  {
   "cell_type": "code",
   "execution_count": 31,
   "id": "3574ee83-7b7f-487b-835b-92ce866a6216",
   "metadata": {},
   "outputs": [],
   "source": [
    "class MeraLR:\n",
    "    def __init__(self):\n",
    "        self.coef_=None\n",
    "        self.intercept_=None\n",
    "\n",
    "    def fit(self,x_train,y_train):\n",
    "        x_train=np.insert(x_train,0,1,axis=1)\n",
    "        #cauluate invers of \n",
    "        betas=np.linalg.inv(np.dot(x_train.T,x_train)).dot(x_train.T).dot(y_train)\n",
    "        self.intercept_=betas[0]\n",
    "        self.coef_=betas[1:]\n",
    "        #caluate reming\n",
    "        print(self.intercept_,self.coef_)\n",
    "        #print(betas)\n",
    "\n",
    "    def predict(self,x_test):\n",
    "        print(self.coef_)\n",
    "        y_pred=np.dot(x_test,self.coef_)+self.intercept_\n",
    "        return y_pred"
   ]
  },
  {
   "cell_type": "code",
   "execution_count": 32,
   "id": "6756ce5b-a76c-4df7-a462-7299077ac04d",
   "metadata": {},
   "outputs": [],
   "source": [
    "lr=MeraLR()"
   ]
  },
  {
   "cell_type": "code",
   "execution_count": 33,
   "id": "ea955569-c5eb-4cb2-a13d-797f106da2ad",
   "metadata": {},
   "outputs": [
    {
     "name": "stdout",
     "output_type": "stream",
     "text": [
      "151.88331005254167 [  -9.15865318 -205.45432163  516.69374454  340.61999905 -895.5520019\n",
      "  561.22067904  153.89310954  126.73139688  861.12700152   52.42112238]\n"
     ]
    }
   ],
   "source": [
    "lr.fit(x_train,y_train) # give all cofecent of beats"
   ]
  },
  {
   "cell_type": "code",
   "execution_count": 34,
   "id": "640923aa-a9a2-4797-b833-1ae9dfa7c2ec",
   "metadata": {},
   "outputs": [
    {
     "data": {
      "text/plain": [
       "(353, 11)"
      ]
     },
     "execution_count": 34,
     "metadata": {},
     "output_type": "execute_result"
    }
   ],
   "source": [
    "np.insert(x_train,0,1,axis=1).shape"
   ]
  },
  {
   "cell_type": "code",
   "execution_count": 18,
   "id": "15f0ee1b-cac5-4a58-9d58-d7dccf6b75bb",
   "metadata": {},
   "outputs": [
    {
     "data": {
      "text/plain": [
       "array([[ 1.56251266e+00, -1.65122084e-01, -3.88385669e-03,\n",
       "        -3.02122841e-01, -1.90470809e-02, -1.81436998e-01,\n",
       "        -1.64202821e-01,  7.19305269e-02, -2.62899763e-01,\n",
       "        -3.16343033e-01],\n",
       "       [-1.65122084e-01,  1.64497633e+00,  2.71619146e-01,\n",
       "        -3.14985846e-01,  7.91360257e-01, -3.49666882e-01,\n",
       "         5.39307464e-03, -7.12378691e-01,  5.13752861e-02,\n",
       "        -2.06976942e-01],\n",
       "       [-3.88385669e-03,  2.71619146e-01,  2.00287495e+00,\n",
       "        -5.25462562e-01,  1.38352356e+00, -1.37404410e+00,\n",
       "         1.70968739e-02,  8.90509224e-02, -9.03130214e-01,\n",
       "        -3.41322094e-01],\n",
       "       [-3.02122841e-01, -3.14985846e-01, -5.25462562e-01,\n",
       "         1.81631072e+00, -3.93260665e-01,  1.83203232e-01,\n",
       "         1.10005780e-01,  3.53278211e-01, -2.40668989e-01,\n",
       "        -2.31043861e-01],\n",
       "       [-1.90470809e-02,  7.91360257e-01,  1.38352356e+00,\n",
       "        -3.93260665e-01,  7.11602988e+01, -5.55699188e+01,\n",
       "        -3.14802748e+01, -9.76591309e+00, -2.60181026e+01,\n",
       "         1.63461982e-02],\n",
       "       [-1.81436998e-01, -3.49666882e-01, -1.37404410e+00,\n",
       "         1.83203232e-01, -5.55699188e+01,  4.74594016e+01,\n",
       "         2.19666269e+01,  2.24526007e+00,  2.14557261e+01,\n",
       "        -1.07510328e-01],\n",
       "       [-1.64202821e-01,  5.39307464e-03,  1.70968739e-02,\n",
       "         1.10005780e-01, -3.14802748e+01,  2.19666269e+01,\n",
       "         1.86026627e+01,  9.94042106e+00,  1.06020993e+01,\n",
       "        -5.64539974e-02],\n",
       "       [ 7.19305269e-02, -7.12378691e-01,  8.90509224e-02,\n",
       "         3.53278211e-01, -9.76591309e+00,  2.24526007e+00,\n",
       "         9.94042106e+00,  1.26427818e+01,  6.54316715e-01,\n",
       "        -2.28226075e-01],\n",
       "       [-2.62899763e-01,  5.13752861e-02, -9.03130214e-01,\n",
       "        -2.40668989e-01, -2.60181026e+01,  2.14557261e+01,\n",
       "         1.06020993e+01,  6.54316715e-01,  1.22642099e+01,\n",
       "        -3.01185856e-01],\n",
       "       [-3.16343033e-01, -2.06976942e-01, -3.41322094e-01,\n",
       "        -2.31043861e-01,  1.63461982e-02, -1.07510328e-01,\n",
       "        -5.64539974e-02, -2.28226075e-01, -3.01185856e-01,\n",
       "         1.91450083e+00]])"
      ]
     },
     "execution_count": 18,
     "metadata": {},
     "output_type": "execute_result"
    }
   ],
   "source": [
    "np.linalg.inv(np.dot(x_train.T,x_train))"
   ]
  },
  {
   "cell_type": "code",
   "execution_count": 19,
   "id": "bbdfc7b7-eecc-4bc2-9b06-ad0448e4b861",
   "metadata": {},
   "outputs": [],
   "source": [
    "lr=MeraLR()\n"
   ]
  },
  {
   "cell_type": "code",
   "execution_count": 20,
   "id": "d0d04035-db33-4d1d-ada3-95d6b17bff9e",
   "metadata": {},
   "outputs": [
    {
     "name": "stdout",
     "output_type": "stream",
     "text": [
      "151.88331005254167 [  -9.15865318 -205.45432163  516.69374454  340.61999905 -895.5520019\n",
      "  561.22067904  153.89310954  126.73139688  861.12700152   52.42112238]\n"
     ]
    }
   ],
   "source": [
    "lr.fit(x_train,y_train)"
   ]
  },
  {
   "cell_type": "code",
   "execution_count": 35,
   "id": "32fb664f-5245-4c76-aa82-0e9bdea843ed",
   "metadata": {},
   "outputs": [
    {
     "name": "stdout",
     "output_type": "stream",
     "text": [
      "[  -9.15865318 -205.45432163  516.69374454  340.61999905 -895.5520019\n",
      "  561.22067904  153.89310954  126.73139688  861.12700152   52.42112238]\n"
     ]
    },
    {
     "data": {
      "text/plain": [
       "array([154.1213881 , 204.81835118, 124.93755353, 106.08950893,\n",
       "       258.5348576 , 256.3310074 , 118.75087616, 119.52440696,\n",
       "       101.50816735, 190.54048661, 141.70656811, 172.51883961,\n",
       "       174.33861649, 134.80942706, 294.13994537,  94.11798038,\n",
       "       211.97059795, 156.49579378, 134.21000428, 119.62664644,\n",
       "       148.87842251, 165.00873409, 151.10021038, 176.04063756,\n",
       "       133.27769647, 221.29555392, 197.17324941,  96.1577688 ,\n",
       "        50.26012711, 230.48580317, 242.06073866, 114.11129218,\n",
       "        67.07532417,  94.52943825, 201.21415375, 167.05136201,\n",
       "       159.881268  , 192.78746659, 114.49551325, 233.48234551,\n",
       "       140.82563045, 121.0680409 , 192.27480772, 191.12738845,\n",
       "       179.16865788, 148.34935601, 163.47414622, 276.81647884,\n",
       "       100.17926432, 164.10555298, 255.80762189, 136.9466204 ,\n",
       "       152.37503699, 107.92237882, 194.21924678,  77.34670792,\n",
       "       118.50482479,  68.38335763, 154.29258529, 162.48840259,\n",
       "       168.36788326, 156.87790322,  97.14191797, 238.1671215 ,\n",
       "       145.46179904, 117.65702433, 168.88784311, 198.38683887,\n",
       "       118.24053714, 124.64552812, 223.17700368, 200.63012386,\n",
       "       129.54414666, 158.1584765 , 154.332565  , 114.47070769,\n",
       "        70.44906407,  76.3973879 , 172.41584591,  80.56270077,\n",
       "        80.2722834 ,  89.46150248, 186.21572052, 275.46275403,\n",
       "       208.26784222, 143.79451509, 291.28766846, 206.32474844,\n",
       "        94.22935404])"
      ]
     },
     "execution_count": 35,
     "metadata": {},
     "output_type": "execute_result"
    }
   ],
   "source": [
    "lr.predict(x_test)"
   ]
  },
  {
   "cell_type": "code",
   "execution_count": null,
   "id": "6fed77f0-e937-4973-a729-83023639795d",
   "metadata": {},
   "outputs": [],
   "source": [
    "print(lr.coef_)\n"
   ]
  },
  {
   "cell_type": "code",
   "execution_count": 22,
   "id": "12fefcdb-3b9e-4517-9081-ff3ae5c894f7",
   "metadata": {},
   "outputs": [],
   "source": [
    "class MeraLR:\n",
    "    \n",
    "    def __init__(self):\n",
    "        self.coef_ = None\n",
    "        self.intercept_ = None\n",
    "        \n",
    "    def fit(self,X_train,y_train):\n",
    "        X_train = np.insert(X_train,0,1,axis=1)\n",
    "        \n",
    "        # calcuate the coeffs\n",
    "        betas = np.linalg.inv(np.dot(X_train.T,X_train)).dot(X_train.T).dot(y_train)\n",
    "        self.intercept_ = betas[0]\n",
    "        self.coef_ = betas[1:]\n",
    "    \n",
    "    def predict(self,X_test):\n",
    "        y_pred = np.dot(X_test,self.coef_) + self.intercept_\n",
    "        return y_pred"
   ]
  },
  {
   "cell_type": "code",
   "execution_count": 23,
   "id": "3af35250-2df0-483b-81a3-cc5c01fde2a6",
   "metadata": {},
   "outputs": [],
   "source": [
    "lr = MeraLR()"
   ]
  },
  {
   "cell_type": "code",
   "execution_count": 25,
   "id": "d5be384a-7dfa-49e3-9ae4-dd730a21af84",
   "metadata": {},
   "outputs": [],
   "source": [
    "lr.fit(x_train,y_train)"
   ]
  },
  {
   "cell_type": "code",
   "execution_count": 27,
   "id": "f5900c38-a0b3-4abf-9641-7b449aed7dbb",
   "metadata": {},
   "outputs": [],
   "source": [
    "y_pred = lr.predict(x_test)"
   ]
  },
  {
   "cell_type": "code",
   "execution_count": null,
   "id": "977878cc-f0ac-45e0-88d1-0ba9bb13a979",
   "metadata": {},
   "outputs": [],
   "source": []
  }
 ],
 "metadata": {
  "kernelspec": {
   "display_name": "Python 3 (ipykernel)",
   "language": "python",
   "name": "python3"
  },
  "language_info": {
   "codemirror_mode": {
    "name": "ipython",
    "version": 3
   },
   "file_extension": ".py",
   "mimetype": "text/x-python",
   "name": "python",
   "nbconvert_exporter": "python",
   "pygments_lexer": "ipython3",
   "version": "3.11.7"
  }
 },
 "nbformat": 4,
 "nbformat_minor": 5
}
